{
    "w": 1920,
    "h": 1080,
    "fl_x": 1579.9557707180031,
    "fl_y": 1613.5610256828252,
    "cx": 863.0439530128207,
    "cy": 549.5061808088274,
    "k1": 0.04591975000145878,
    "k2": -0.03928014790549664,
    "p1": 0.0029060493440863488,
    "p2": -0.017900662747175614,
    "camera_model": "OPENCV",
    "frames": [
        {
            "file_path": "images/frame_00001.png",
            "transform_matrix": [
                [
                    0.9984422729574587,
                    -0.05576900450097543,
                    0.001686922794278781,
                    -4.534433010420274
                ],
                [
                    0.0008104574475254904,
                    -0.01573487691849211,
                    -0.9998758706995013,
                    -2.5448917884576137
                ],
                [
                    0.05578862545599619,
                    0.9983197041956702,
                    -0.015665167870166218,
                    -1.9677549412164388
                ],
                [
                    0.0,
                    0.0,
                    0.0,
                    1.0
                ]
            ],
            "colmap_im_id": 1
        },
        {
            "file_path": "images/frame_00002.png",
            "transform_matrix": [
                [
                    0.9984509545940101,
                    -0.05561049772086342,
                    0.0017787112041371372,
                    -4.533538233750307
                ],
                [
                    0.0009025344401961638,
                    -0.0157767465265126,
                    -0.9998751320543091,
                    -2.545510379025554
                ],
                [
                    0.05563161602806573,
                    0.9983278854225578,
                    -0.01570211724035471,
                    -1.968986601901216
                ],
                [
                    0.0,
                    0.0,
                    0.0,
                    1.0
                ]
            ],
            "colmap_im_id": 2
        },
        {
            "file_path": "images/frame_00003.png",
            "transform_matrix": [
                [
                    0.9984517787361035,
                    -0.055603200562474184,
                    0.0015263112135876983,
                    -4.533487510425917
                ],
                [
                    0.0006516405508617633,
                    -0.015745316889509822,
                    -0.9998758224702913,
                    -2.5455344292117625
                ],
                [
                    0.05562032814811438,
                    0.9983287880669665,
                    -0.015684706354850485,
                    -1.969160718892214
                ],
                [
                    0.0,
                    0.0,
                    0.0,
                    1.0
                ]
            ],
            "colmap_im_id": 3
        },
        {
            "file_path": "images/frame_00004.png",
            "transform_matrix": [
                [
                    0.9984655535906745,
                    -0.05537179878413287,
                    0.0007086552598308446,
                    -4.5310474950774475
                ],
                [
                    -0.0001877565285327986,
                    -0.01618208010228482,
                    -0.9998690439407798,
                    -2.5484261918047664
                ],
                [
                    0.05537601502775166,
                    0.9983346654218579,
                    -0.016167645984294782,
                    -1.966829675498596
                ],
                [
                    0.0,
                    0.0,
                    0.0,
                    1.0
                ]
            ],
            "colmap_im_id": 4
        },
        {
            "file_path": "images/frame_00005.png",
            "transform_matrix": [
                [
                    0.9984746096902538,
                    -0.05521115179940642,
                    0.0004272246224802569,
                    -4.529743591199179
                ],
                [
                    -0.00048716806957614883,
                    -0.016547219118510165,
                    -0.9998629667142973,
                    -2.5496681796647005
                ],
                [
                    0.05521065541330893,
                    0.9983375773036027,
                    -0.016548875261054738,
                    -1.9660338262952484
                ],
                [
                    0.0,
                    0.0,
                    0.0,
                    1.0
                ]
            ],
            "colmap_im_id": 5
        },
        {
            "file_path": "images/frame_00006.png",
            "transform_matrix": [
                [
                    0.9984880329220559,
                    -0.0549680611509692,
                    0.00040045567353634326,
                    -4.527918490585509
                ],
                [
                    -0.0005410443850261394,
                    -0.017112179374745545,
                    -0.999853429552562,
                    -2.549516825298064
                ],
                [
                    0.0549668571269687,
                    0.9983414674200155,
                    -0.017116046483740564,
                    -1.966050822794974
                ],
                [
                    0.0,
                    0.0,
                    0.0,
                    1.0
                ]
            ],
            "colmap_im_id": 6
        },
        {
            "file_path": "images/frame_00007.png",
            "transform_matrix": [
                [
                    0.9985149714683272,
                    -0.05447796860591602,
                    5.186692786589297e-05,
                    -4.527080499216707
                ],
                [
                    -0.0009122977198695214,
                    -0.017673231250564872,
                    -0.9998434000432439,
                    -2.5449713039162467
                ],
                [
                    0.054470354014598606,
                    0.9983585567488952,
                    -0.01769668612445324,
                    -1.969723302994552
                ],
                [
                    0.0,
                    0.0,
                    0.0,
                    1.0
                ]
            ],
            "colmap_im_id": 7
        },
        {
            "file_path": "images/frame_00008.png",
            "transform_matrix": [
                [
                    0.9985282715821474,
                    -0.05423312061627545,
                    -0.00024388396836120464,
                    -4.525907628923899
                ],
                [
                    -0.0012150918770913834,
                    -0.017875769665765144,
                    -0.9998394773215282,
                    -2.5422097183742904
                ],
                [
                    0.054220055356848644,
                    0.998368281490892,
                    -0.017915359611887203,
                    -1.9726254872556577
                ],
                [
                    0.0,
                    0.0,
                    0.0,
                    1.0
                ]
            ],
            "colmap_im_id": 8
        },
        {
            "file_path": "images/frame_00009.png",
            "transform_matrix": [
                [
                    0.9985448508198939,
                    -0.05392361701230991,
                    -0.0006514824521904521,
                    -4.525583300415482
                ],
                [
                    -0.0016250020216042093,
                    -0.018011801699157712,
                    -0.9998364538103119,
                    -2.5393607350209484
                ],
                [
                    0.053903063637474026,
                    0.9983826012746113,
                    -0.018073217827340164,
                    -1.9760180477591336
                ],
                [
                    0.0,
                    0.0,
                    0.0,
                    1.0
                ]
            ],
            "colmap_im_id": 9
        },
        {
            "file_path": "images/frame_00010.png",
            "transform_matrix": [
                [
                    0.9985547038803492,
                    -0.05373745567931884,
                    -0.0008883780397098455,
                    -4.524970081038672
                ],
                [
                    -0.001857911509349775,
                    -0.017994778577492928,
                    -0.9998363546644874,
                    -2.5373461914230386
                ],
                [
                    0.053712675629236914,
                    0.9983929455885896,
                    -0.01806861023123068,
                    -1.9779692446462154
                ],
                [
                    0.0,
                    0.0,
                    0.0,
                    1.0
                ]
            ],
            "colmap_im_id": 10
        },
        {
            "file_path": "images/frame_00011.png",
            "transform_matrix": [
                [
                    0.9985611460916171,
                    -0.053616481872830635,
                    -0.0009541424299383994,
                    -4.5234063082382665
                ],
                [
                    -0.0019173805951355572,
                    -0.017916771345243613,
                    -0.9998376432982585,
                    -2.5349492577626465
                ],
                [
                    0.053590681725926785,
                    0.9984008524516307,
                    -0.01799379493069031,
                    -1.9801357104966495
                ],
                [
                    0.0,
                    0.0,
                    0.0,
                    1.0
                ]
            ],
            "colmap_im_id": 11
        },
        {
            "file_path": "images/frame_00012.png",
            "transform_matrix": [
                [
                    0.9985753525371182,
                    -0.05333996026995743,
                    -0.001453940772475289,
                    -4.521774660605531
                ],
                [
                    -0.0024114110335355316,
                    -0.017890372813966875,
                    -0.9998370465517893,
                    -2.53183110369343
                ],
                [
                    0.05330525679703501,
                    0.9984161372889445,
                    -0.01799350990845077,
                    -1.9820767687961733
                ],
                [
                    0.0,
                    0.0,
                    0.0,
                    1.0
                ]
            ],
            "colmap_im_id": 12
        },
        {
            "file_path": "images/frame_00013.png",
            "transform_matrix": [
                [
                    0.9985940282500047,
                    -0.0529756856405039,
                    -0.001882411843240461,
                    -4.520967761181379
                ],
                [
                    -0.002846626777726854,
                    -0.018131520582881512,
                    -0.9998315581523425,
                    -2.529443057959469
                ],
                [
                    0.052932631329052515,
                    0.998431181750786,
                    -0.018256830182470214,
                    -1.9842712141306456
                ],
                [
                    0.0,
                    0.0,
                    0.0,
                    1.0
                ]
            ],
            "colmap_im_id": 13
        },
        {
            "file_path": "images/frame_00014.png",
            "transform_matrix": [
                [
                    0.9986048965032238,
                    -0.05276305902906837,
                    -0.0020785287297257556,
                    -4.520334691409171
                ],
                [
                    -0.0030402681034799694,
                    -0.01815380000976546,
                    -0.9998305838066089,
                    -2.5277382791235796
                ],
                [
                    0.05271638691758201,
                    0.9984420359475559,
                    -0.018288887425300174,
                    -1.9857280479798685
                ],
                [
                    0.0,
                    0.0,
                    0.0,
                    1.0
                ]
            ],
            "colmap_im_id": 14
        },
        {
            "file_path": "images/frame_00015.png",
            "transform_matrix": [
                [
                    0.9986129068545608,
                    -0.05261543625640854,
                    -0.001969297090889371,
                    -4.519264153795743
                ],
                [
                    -0.0029244602205452065,
                    -0.018082850152439597,
                    -0.9998322149554809,
                    -2.526277952593641
                ],
                [
                    0.05257099766889367,
                    0.9984511136745317,
                    -0.018211639305261644,
                    -1.9874908304398167
                ],
                [
                    0.0,
                    0.0,
                    0.0,
                    1.0
                ]
            ],
            "colmap_im_id": 15
        },
        {
            "file_path": "images/frame_00016.png",
            "transform_matrix": [
                [
                    0.9986103951560655,
                    -0.05267767582197675,
                    -0.0015300837366596742,
                    -4.517123226662724
                ],
                [
                    -0.0024876521531049666,
                    -0.018117113433703834,
                    -0.9998327769120171,
                    -2.5262006831568726
                ],
                [
                    0.052641146197737916,
                    0.9984472107581978,
                    -0.018222981538797357,
                    -1.9882302223094588
                ],
                [
                    0.0,
                    0.0,
                    0.0,
                    1.0
                ]
            ],
            "colmap_im_id": 16
        },
        {
            "file_path": "images/frame_00017.png",
            "transform_matrix": [
                [
                    0.9985951416477981,
                    -0.05297814549846575,
                    -0.0010291632316030486,
                    -4.5130494035925475
                ],
                [
                    -0.0019914731090717513,
                    -0.01811469695248564,
                    -0.999833932105315,
                    -2.527216872164581
                ],
                [
                    0.05295070454932337,
                    0.9984313566058826,
                    -0.018194752921303015,
                    -1.9891454012536194
                ],
                [
                    0.0,
                    0.0,
                    0.0,
                    1.0
                ]
            ],
            "colmap_im_id": 17
        },
        {
            "file_path": "images/frame_00018.png",
            "transform_matrix": [
                [
                    0.9985741360377454,
                    -0.053379614808901465,
                    -0.000558174993918085,
                    -4.509470372708555
                ],
                [
                    -0.0015264732665682735,
                    -0.018100801790161353,
                    -0.9998350018147593,
                    -2.5274041397108555
                ],
                [
                    0.05336070385440001,
                    0.9984102251566771,
                    -0.018156475064186342,
                    -1.9885054448082145
                ],
                [
                    0.0,
                    0.0,
                    0.0,
                    1.0
                ]
            ],
            "colmap_im_id": 18
        },
        {
            "file_path": "images/frame_00019.png",
            "transform_matrix": [
                [
                    0.9985566699393615,
                    -0.053707631533366613,
                    0.00025929652714643843,
                    -4.502341526040353
                ],
                [
                    -0.0007296984737230019,
                    -0.018393994281633252,
                    -0.9998305499005842,
                    -2.5288197128368983
                ],
                [
                    0.053703300268701466,
                    0.998387275204088,
                    -0.01840663605350854,
                    -1.9870891642700848
                ],
                [
                    0.0,
                    0.0,
                    0.0,
                    1.0
                ]
            ],
            "colmap_im_id": 19
        },
        {
            "file_path": "images/frame_00020.png",
            "transform_matrix": [
                [
                    0.9985414061009681,
                    -0.053977949642421225,
                    0.0012005225118634684,
                    -4.489549112933455
                ],
                [
                    0.0001936067293015136,
                    -0.018655566451163407,
                    -0.9998259510318888,
                    -2.5280753451345452
                ],
                [
                    0.05399095126348138,
                    0.9983678434288569,
                    -0.01861790506147009,
                    -1.9857937098622376
                ],
                [
                    0.0,
                    0.0,
                    0.0,
                    1.0
                ]
            ],
            "colmap_im_id": 20
        },
        {
            "file_path": "images/frame_00021.png",
            "transform_matrix": [
                [
                    0.9985316837808248,
                    -0.05412836958040126,
                    0.0021438499011222,
                    -4.479419941375007
                ],
                [
                    0.0011305438366697779,
                    -0.01874410873527726,
                    -0.9998236745838505,
                    -2.527026641173965
                ],
                [
                    0.05415900992876826,
                    0.9983580409824361,
                    -0.01865539196178916,
                    -1.9842553598953536
                ],
                [
                    0.0,
                    0.0,
                    0.0,
                    1.0
                ]
            ],
            "colmap_im_id": 21
        },
        {
            "file_path": "images/frame_00022.png",
            "transform_matrix": [
                [
                    0.9985161752578438,
                    -0.05436561961162896,
                    0.003134828973163574,
                    -4.465887525390166
                ],
                [
                    0.002114123061176701,
                    -0.01882219967870802,
                    -0.9998206115513607,
                    -2.525261234111086
                ],
                [
                    0.054414871424358996,
                    0.9983436804044479,
                    -0.018679335222966845,
                    -1.980967668050234
                ],
                [
                    0.0,
                    0.0,
                    0.0,
                    1.0
                ]
            ],
            "colmap_im_id": 22
        },
        {
            "file_path": "images/frame_00023.png",
            "transform_matrix": [
                [
                    0.9985086345918397,
                    -0.054406284259489505,
                    0.004523591340448148,
                    -4.447534521669343
                ],
                [
                    0.0034943833686021846,
                    -0.01899735316895915,
                    -0.9998134275240791,
                    -2.5252311159942953
                ],
                [
                    0.054482069806616094,
                    0.9983381475260023,
                    -0.01877890475873256,
                    -1.9753079865065215
                ],
                [
                    0.0,
                    0.0,
                    0.0,
                    1.0
                ]
            ],
            "colmap_im_id": 23
        },
        {
            "file_path": "images/frame_00024.png",
            "transform_matrix": [
                [
                    0.9985032971958523,
                    -0.05444196849846157,
                    0.005218961105770139,
                    -4.43792736235844
                ],
                [
                    0.0041788129259367575,
                    -0.019202002147247568,
                    -0.9998068916726204,
                    -2.5247881251762876
                ],
                [
                    0.054531669803344986,
                    0.9983322869563768,
                    -0.018945759655113723,
                    -1.9721317095625364
                ],
                [
                    0.0,
                    0.0,
                    0.0,
                    1.0
                ]
            ],
            "colmap_im_id": 24
        },
        {
            "file_path": "images/frame_00025.png",
            "transform_matrix": [
                [
                    0.9984995540816388,
                    -0.054453321328193825,
                    0.005785870297287449,
                    -4.425424580945273
                ],
                [
                    0.004739738296890684,
                    -0.01932111107565772,
                    -0.9998020951906829,
                    -2.5245206628055983
                ],
                [
                    0.05455433419670291,
                    0.9983293697288138,
                    -0.019034026300913914,
                    -1.9683863286200398
                ],
                [
                    0.0,
                    0.0,
                    0.0,
                    1.0
                ]
            ],
            "colmap_im_id": 25
        },
        {
            "file_path": "images/frame_00026.png",
            "transform_matrix": [
                [
                    0.9984840820146034,
                    -0.054599743763608335,
                    0.006957438063193635,
                    -4.401285583448659
                ],
                [
                    0.005890670134042459,
                    -0.019674639097478075,
                    -0.9997890820476865,
                    -2.5257909744883613
                ],
                [
                    0.05472511278039328,
                    0.9983144677692156,
                    -0.019323184878299357,
                    -1.9619325927450326
                ],
                [
                    0.0,
                    0.0,
                    0.0,
                    1.0
                ]
            ],
            "colmap_im_id": 26
        },
        {
            "file_path": "images/frame_00027.png",
            "transform_matrix": [
                [
                    0.9984561901924691,
                    -0.054897934311654635,
                    0.008452992053304883,
                    -4.3820046510727835
                ],
                [
                    0.007370897887899586,
                    -0.019883673479866304,
                    -0.9997751294132458,
                    -2.5276422365203164
                ],
                [
                    0.055053665914870195,
                    0.9982939729044041,
                    -0.019448329801670515,
                    -1.9559774657995121
                ],
                [
                    0.0,
                    0.0,
                    0.0,
                    1.0
                ]
            ],
            "colmap_im_id": 27
        },
        {
            "file_path": "images/frame_00028.png",
            "transform_matrix": [
                [
                    0.9984127253571153,
                    -0.055339225775946334,
                    0.010468998781946445,
                    -4.366002866650236
                ],
                [
                    0.009360217965437765,
                    -0.02025744035150424,
                    -0.9997509802095942,
                    -2.5295231057119136
                ],
                [
                    0.05553752033190764,
                    0.9982620929399875,
                    -0.019707299014803118,
                    -1.9518230571668957
                ],
                [
                    0.0,
                    0.0,
                    0.0,
                    1.0
                ]
            ],
            "colmap_im_id": 28
        },
        {
            "file_path": "images/frame_00029.png",
            "transform_matrix": [
                [
                    0.9983648211376867,
                    -0.055785649760567,
                    0.01247578436437321,
                    -4.352201185210527
                ],
                [
                    0.011342386681491807,
                    -0.02058768860051605,
                    -0.9997237105032849,
                    -2.5313960760206444
                ],
                [
                    0.05602708433501162,
                    0.998230488594132,
                    -0.019921281636429974,
                    -1.949221328001059
                ],
                [
                    0.0,
                    0.0,
                    0.0,
                    1.0
                ]
            ],
            "colmap_im_id": 29
        },
        {
            "file_path": "images/frame_00030.png",
            "transform_matrix": [
                [
                    0.9982991991057732,
                    -0.056427891910316316,
                    0.01464930303220841,
                    -4.334917941888997
                ],
                [
                    0.013500344978645702,
                    -0.020689210171772505,
                    -0.999694802061072,
                    -2.5328634035710667
                ],
                [
                    0.05671375274331057,
                    0.9981922908924041,
                    -0.01989222593740451,
                    -1.9470120418672503
                ],
                [
                    0.0,
                    0.0,
                    0.0,
                    1.0
                ]
            ],
            "colmap_im_id": 30
        },
        {
            "file_path": "images/frame_00031.png",
            "transform_matrix": [
                [
                    0.9981115463185035,
                    -0.05816173389520231,
                    0.019762434465153304,
                    -4.296134675933254
                ],
                [
                    0.018623790368764184,
                    -0.020054620722751007,
                    -0.9996254131523303,
                    -2.53214537591712
                ],
                [
                    0.058536275402404365,
                    0.9981057182974008,
                    -0.01893355656086802,
                    -1.9436005898618114
                ],
                [
                    0.0,
                    0.0,
                    0.0,
                    1.0
                ]
            ],
            "colmap_im_id": 31
        },
        {
            "file_path": "images/frame_00032.png",
            "transform_matrix": [
                [
                    0.9980053169771055,
                    -0.0590075721099566,
                    0.022438665716020472,
                    -4.284122763074064
                ],
                [
                    0.021313583997021907,
                    -0.019627563055770302,
                    -0.9995801568186984,
                    -2.5325190928362016
                ],
                [
                    0.05942321450938962,
                    0.9980645596363894,
                    -0.01833074944433628,
                    -1.9417026297599382
                ],
                [
                    0.0,
                    0.0,
                    0.0,
                    1.0
                ]
            ],
            "colmap_im_id": 32
        },
        {
            "file_path": "images/frame_00033.png",
            "transform_matrix": [
                [
                    0.9978737466400043,
                    -0.059952858566508824,
                    0.0255663942773411,
                    -4.267800275507899
                ],
                [
                    0.02445302769115475,
                    -0.0192315319503719,
                    -0.9995159816709172,
                    -2.533526189407883
                ],
                [
                    0.06041552121248222,
                    0.998015933203747,
                    -0.017724611930253834,
                    -1.93953178898774
                ],
                [
                    0.0,
                    0.0,
                    0.0,
                    1.0
                ]
            ],
            "colmap_im_id": 33
        },
        {
            "file_path": "images/frame_00034.png",
            "transform_matrix": [
                [
                    0.9977488507371062,
                    -0.060887050154865494,
                    0.028106902643708655,
                    -4.247179396920447
                ],
                [
                    0.02700369014540195,
                    -0.018866860556516662,
                    -0.9994572738698099,
                    -2.5335949868670267
                ],
                [
                    0.061384294174610686,
                    0.9979663364543816,
                    -0.0171802134010322,
                    -1.936500413685398
                ],
                [
                    0.0,
                    0.0,
                    0.0,
                    1.0
                ]
            ],
            "colmap_im_id": 34
        },
        {
            "file_path": "images/frame_00035.png",
            "transform_matrix": [
                [
                    0.9974419268896147,
                    -0.06319606248069784,
                    0.03340449325567356,
                    -4.204027651197856
                ],
                [
                    0.032321356600922994,
                    -0.01808495769034504,
                    -0.9993138967375639,
                    -2.5325800535933913
                ],
                [
                    0.06375682230325298,
                    0.9978372572680749,
                    -0.01599611257516207,
                    -1.9324228084431212
                ],
                [
                    0.0,
                    0.0,
                    0.0,
                    1.0
                ]
            ],
            "colmap_im_id": 35
        },
        {
            "file_path": "images/frame_00036.png",
            "transform_matrix": [
                [
                    0.9972843869564388,
                    -0.06437188126454808,
                    0.03577865893773963,
                    -4.18889119023957
                ],
                [
                    0.0346984685864185,
                    -0.017821252399161405,
                    -0.9992389199989574,
                    -2.5319575304517303
                ],
                [
                    0.06496050962452111,
                    0.9977668384273897,
                    -0.015539251073787062,
                    -1.931574883732982
                ],
                [
                    0.0,
                    0.0,
                    0.0,
                    1.0
                ]
            ],
            "colmap_im_id": 36
        },
        {
            "file_path": "images/frame_00037.png",
            "transform_matrix": [
                [
                    0.9970759627170414,
                    -0.06593048422125872,
                    0.03863542185916407,
                    -4.168449650295831
                ],
                [
                    0.03755911923283738,
                    -0.017487416739876888,
                    -0.9991413827973594,
                    -2.5318877615573743
                ],
                [
                    0.06654950889630008,
                    0.9976709685593323,
                    -0.014959991963401894,
                    -1.9303133953722564
                ],
                [
                    0.0,
                    0.0,
                    0.0,
                    1.0
                ]
            ],
            "colmap_im_id": 37
        },
        {
            "file_path": "images/frame_00038.png",
            "transform_matrix": [
                [
                    0.9968689715946852,
                    -0.06756968027047659,
                    0.04106813582206936,
                    -4.141885921568867
                ],
                [
                    0.039994600645275394,
                    -0.017165170905904262,
                    -0.9990524454837174,
                    -2.530412925032881
                ],
                [
                    0.06821059588494525,
                    0.9975668875899584,
                    -0.014409003890069138,
                    -1.9283630597070058
                ],
                [
                    0.0,
                    0.0,
                    0.0,
                    1.0
                ]
            ],
            "colmap_im_id": 38
        },
        {
            "file_path": "images/frame_00039.png",
            "transform_matrix": [
                [
                    0.9963037523440484,
                    -0.0719665856930972,
                    0.046900358301905656,
                    -4.087938212764508
                ],
                [
                    0.045816436583487774,
                    -0.016639931749814898,
                    -0.9988112768737409,
                    -2.5276740962629165
                ],
                [
                    0.0726614561095515,
                    0.9972682303247404,
                    -0.01328117393155152,
                    -1.9255228894364222
                ],
                [
                    0.0,
                    0.0,
                    0.0,
                    1.0
                ]
            ],
            "colmap_im_id": 39
        },
        {
            "file_path": "images/frame_00040.png",
            "transform_matrix": [
                [
                    0.9959126423293733,
                    -0.0749825550197709,
                    0.05035499271406027,
                    -4.059698570094194
                ],
                [
                    0.04927569694252018,
                    -0.01617624281996652,
                    -0.9986542118566658,
                    -2.5254843390039436
                ],
                [
                    0.07569619897560866,
                    0.9970536322640505,
                    -0.012415307072664328,
                    -1.9248702389847356
                ],
                [
                    0.0,
                    0.0,
                    0.0,
                    1.0
                ]
            ],
            "colmap_im_id": 40
        },
        {
            "file_path": "images/frame_00041.png",
            "transform_matrix": [
                [
                    0.9955676748584814,
                    -0.0772618746561638,
                    0.05362469115521639,
                    -4.041458216787098
                ],
                [
                    0.05256015055988065,
                    -0.01574803853966865,
                    -0.9984935802774476,
                    -2.5244967575343664
                ],
                [
                    0.07798996954737059,
                    0.996886453918784,
                    -0.011617342348053072,
                    -1.9239218728128582
                ],
                [
                    0.0,
                    0.0,
                    0.0,
                    1.0
                ]
            ],
            "colmap_im_id": 41
        },
        {
            "file_path": "images/frame_00042.png",
            "transform_matrix": [
                [
                    0.995216108900798,
                    -0.07947280602625977,
                    0.056824023851422566,
                    -4.0232980686989075
                ],
                [
                    0.05575823139543146,
                    -0.015568034971224443,
                    -0.9983229216635208,
                    -2.523551808228777
                ],
                [
                    0.08022416229545855,
                    0.9967154605951727,
                    -0.011062296079237107,
                    -1.923135068036309
                ],
                [
                    0.0,
                    0.0,
                    0.0,
                    1.0
                ]
            ],
            "colmap_im_id": 42
        },
        {
            "file_path": "images/frame_00043.png",
            "transform_matrix": [
                [
                    0.9947313233280785,
                    -0.08285419282499568,
                    0.06037198954223844,
                    -3.9939181910935733
                ],
                [
                    0.05928208850724074,
                    -0.015554369451140512,
                    -0.9981200807383833,
                    -2.5228296789719193
                ],
                [
                    0.08363748186183866,
                    0.996440286380622,
                    -0.010560648915419454,
                    -1.9227559905582838
                ],
                [
                    0.0,
                    0.0,
                    0.0,
                    1.0
                ]
            ],
            "colmap_im_id": 43
        },
        {
            "file_path": "images/frame_00044.png",
            "transform_matrix": [
                [
                    0.9935197225222993,
                    -0.09086863436028163,
                    0.06827482880762828,
                    -3.933995974544396
                ],
                [
                    0.06712404067833767,
                    -0.015664265116916234,
                    -0.9976216687509146,
                    -2.515779375555721
                ],
                [
                    0.09172199366687561,
                    0.9957396859058316,
                    -0.00946328642328981,
                    -1.9264099853574463
                ],
                [
                    0.0,
                    0.0,
                    0.0,
                    1.0
                ]
            ],
            "colmap_im_id": 44
        },
        {
            "file_path": "images/frame_00045.png",
            "transform_matrix": [
                [
                    0.9925199142283212,
                    -0.09668858877071083,
                    0.07453547250627868,
                    -3.896145581484109
                ],
                [
                    0.07337623706892638,
                    -0.015495110210070918,
                    -0.9971839496267387,
                    -2.5128224065193483
